steve	0.025179200 0.039954480 0.051848348 -0.016081443 0.033715185 -0.095615432 0.010213879 0.043806911 0.087782808 -0.026904872
article	0.007497828 -0.045611843 0.022273403 -0.047837101 -0.055208679 -0.080479741 -0.079627663 0.042051833 0.152184278 -0.008818058
west	-0.005271392 -0.030831553 -0.001752158 -0.039875649 0.006338194 -0.050247729 -0.048212439 0.047747329 0.055223111 -0.039014433
nntp	-0.024769779 0.027816245 0.018487500 -0.081604570 -0.050371163 -0.083221696 -0.035839159 0.055639669 0.153186470 -0.043628514
posting	-0.000515476 -0.017590586 0.016373528 -0.089493245 -0.032880686 -0.060662467 -0.082268648 0.013225886 0.119331636 -0.016031928
host	0.025880372 -0.038776148 0.069663242 -0.088047005 0.009174271 -0.043364193 -0.071114473 0.016859664 0.154020980 0.016037436
writes	-0.035180356 -0.034269024 0.079322055 -0.021472955 -0.041752771 -0.150017634 -0.059160687 0.012564251 0.133062825 -0.024768844
robert	0.005001924 -0.039962314 0.018127097 -0.009809173 0.013491412 -0.086075962 -0.007771762 0.016545007 0.109395497 0.037402913
wrong	0.036719158 0.008572706 -0.001194446 -0.002031956 0.007137369 -0.000719596 -0.016971391 -0.015073636 0.095948286 -0.040761396
time	0.038743794 0.001936442 0.033215169 -0.024775116 -0.006597811 -0.121401265 -0.073856808 0.046481285 0.094457626 0.020121051
jim	0.033628095 -0.029985413 0.020607520 0.000714047 -0.041418392 -0.062651351 -0.006058745 0.010421589 0.042930044 0.020623097
fine	-0.045294311 -0.006211897 -0.022766570 0.006899354 0.026846878 -0.026745638 -0.016205749 -0.018585278 0.067928910 -0.008495327
job	-0.048502024 -0.020158984 0.018349955 -0.066167459 -0.049035158 -0.078586422 0.020369658 -0.018846799 0.026837621 0.022486415
record	0.028285751 0.042062216 0.042392217 -0.052842397 -0.048594974 -0.047405690 -0.034587011 -0.026367843 0.038985651 -0.019590937
baseball	-0.046825804 0.039441083 0.018140329 -0.035809353 0.009647446 -0.030213326 -0.062686853 0.025975790 0.077493928 -0.055109486
problem	-0.043443199 -0.011381594 0.063503109 -0.078822911 -0.033894297 -0.060353499 -0.081729993 0.057523552 0.139445022 -0.059566509
post	-0.030465240 -0.022086971 0.048558977 -0.006640847 -0.056485724 -0.099549800 -0.068441585 -0.008485783 0.120006032 -0.059417903
error	-0.044800315 -0.020849107 0.028238086 0.000214093 -0.014921109 -0.060533162 0.020045146 -0.001453294 0.007203036 0.031925347
reply	0.016865315 0.015507699 0.030878920 0.009615580 -0.003884978 -0.059553050 -0.038111627 0.049848631 0.101229735 -0.000461533
world	0.017604610 0.030350076 0.021099498 -0.020155760 -0.043882821 -0.085582621 -0.047751788 0.036170330 0.051453613 0.034689311
free	0.039518669 0.014572124 -0.002514712 -0.051864475 -0.040524792 -0.071914718 -0.047744427 0.031706762 0.052451972 -0.016716139
high	-0.034263782 0.012401657 -0.022828558 -0.060671732 -0.026305070 -0.003491194 0.011483412 -0.023590099 0.013678911 -0.032368500
speed	-0.026408013 -0.017959686 0.001611685 0.010918994 0.013149796 -0.089289993 -0.060523648 -0.017902924 0.122055523 -0.057165515
mind	0.002385441 -0.008799899 0.060918756 -0.058844514 0.013492027 -0.094921701 -0.051440138 -0.028136723 0.041543141 -0.059955828
hardware	-0.035273906 0.023457892 -0.025039308 0.018477296 0.018608274 -0.034122329 -0.029501980 -0.037575539 0.087236315 -0.057196952
needed	0.038700361 -0.014220930 0.020648470 0.011478846 0.004141339 -0.007280574 -0.001915886 0.021009807 0.029811889 -0.051611852
run	-0.036124367 -0.052795548 0.029093280 -0.006139121 -0.042183541 -0.031258069 -0.028746760 -0.039040592 0.060420368 -0.003321606
heard	0.051171836 -0.023348315 0.029074593 -0.007958704 0.014544315 -0.098207615 -0.065250769 0.028299255 0.112853363 -0.017483084
bit	0.035222121 -0.052622732 0.051983431 -0.006596939 0.006502932 -0.024031833 -0.009395810 -0.042110372 0.115939975 -0.038247250
data	-0.040003330 0.041097924 0.065472424 -0.017480904 -0.041784044 -0.117567651 -0.088867314 -0.013368188 0.094410248 0.022177555
rate	0.002524493 0.033800576 0.031314429 -0.040521100 -0.040216897 -0.004194078 -0.036149692 0.036064513 0.063551001 -0.027210534
turn	-0.007351277 -0.018235704 0.000135158 -0.001467309 0.008634384 -0.106703863 -0.017063981 -0.013765235 0.036499098 0.019024560
form	-0.023414753 0.035277907 0.016948937 0.005001313 0.003096520 0.001141589 -0.031127851 0.021034990 0.025811942 0.012746379
effect	0.022900639 -0.029717576 0.023850441 -0.064700983 -0.010219064 -0.061753940 -0.007801240 -0.041088212 0.079580709 0.040788494
hands	-0.026377562 0.027843224 -0.012487703 0.013938744 -0.007349151 0.025246637 0.029458357 -0.006922804 -0.018365830 -0.049933661
copy	0.001992191 0.038842782 0.007843932 -0.047389656 0.026291739 0.003145502 -0.024298400 0.031690739 0.080315977 -0.027364701
question	-0.006612112 0.037493348 -0.025397696 0.005041680 0.025107309 -0.043703590 -0.039101556 0.030166982 0.071949102 0.012983877
code	-0.031699758 0.004357832 0.008857152 -0.007699307 -0.047372013 -0.079337195 -0.044968333 0.053792570 0.055525269 0.006934658
long	0.009197274 -0.030426877 0.049454689 -0.012321800 -0.022356169 -0.020648792 -0.068042390 -0.019851198 0.063750707 -0.048000671
hand	-0.035799365 -0.017703282 0.033660036 -0.018480413 -0.053821020 -0.064960293 0.008025932 0.016619390 0.022520604 -0.050242685
de	-0.015302001 0.027579777 0.031332120 -0.046990134 -0.033231616 -0.078274123 0.011980364 -0.029808300 0.068510085 -0.041735828
system	0.029869385 -0.049819168 -0.011088868 -0.009577121 -0.049134538 -0.070559420 -0.012759863 -0.006366480 0.149474084 0.015264284
uk	0.000660547 -0.031343419 0.060795899 -0.063403159 -0.012043362 -0.024267983 -0.058870271 -0.022245798 0.105310611 -0.048867341
canada	0.051721055 0.038953017 0.004680680 -0.053489711 0.033462092 0.015624019 -0.005474277 0.045211073 0.081933767 -0.047113758
back	-0.008804085 0.007799644 0.033803839 -0.072232805 -0.004311795 -0.082052693 -0.070763521 0.053675789 0.134180397 -0.036506414
months	-0.008709704 0.009463183 -0.037871767 0.027068783 -0.021844611 -0.038362347 -0.059103161 0.026651317 0.033834882 0.013960914
posted	0.049745340 -0.012732187 0.028382890 -0.048451465 -0.031557024 -0.050442338 -0.068590172 -0.007000051 0.098206431 0.007852740
original	0.031060880 -0.026878277 -0.024527419 -0.042297896 0.013294691 -0.016261149 -0.011572840 0.012808532 0.014183235 -0.014002142
email	0.040686090 -0.020051334 0.017075511 -0.024445262 -0.012058429 -0.039893139 0.003526060 0.011787293 0.065881483 -0.055361517
lost	-0.014932453 -0.038904157 -0.009964176 -0.007222460 -0.026895335 0.026066901 -0.047241159 0.035511781 -0.032133162 0.027645078
computing	0.027981747 0.038281921 0.044134714 0.019777104 0.005347528 -0.001606153 -0.052399650 -0.022162726 0.014051266 0.011602048
systems	0.009953188 -0.036970071 0.036925066 -0.012154984 -0.007128426 -0.061572023 -0.052358046 0.040556535 0.021613002 -0.044922579
place	0.038638920 -0.022840446 -0.029576194 -0.041165628 -0.051666930 -0.092029676 -0.053533871 0.007262102 0.111527018 -0.052974772
access	0.035645876 -0.015333977 0.044611860 0.005979745 -0.027186655 -0.048384059 -0.069797590 -0.043928105 0.069269538 -0.029568229
net	0.001460889 -0.038091119 0.051887285 -0.021822033 0.001993335 -0.051187776 -0.035182066 -0.033623196 0.079338677 0.007840954
news	-0.002612788 0.014599827 -0.000803860 0.014014605 0.019734656 -0.100439698 -0.016121473 0.004341663 0.112942532 0.038645014
people	0.022752514 0.008923143 0.018827897 -0.088486135 0.012880401 -0.085119352 -0.061727729 0.026685029 0.142775953 -0.043713726
sense	0.015343905 -0.009516886 0.032490533 0.018010503 -0.004726919 -0.017629238 -0.040885180 -0.029030051 0.088193640 -0.007122112
cs	0.043964598 0.045020752 0.016966024 -0.001213360 -0.025776958 -0.072507158 -0.047182232 0.020140946 0.097240336 -0.060876861
disclaimer	0.028330760 0.035751354 0.045169920 -0.035466596 0.021270314 -0.060689069 -0.019290695 -0.030968359 0.093184821 -0.041409563
public	0.020789534 0.038486347 0.014048113 -0.003368994 0.013649467 0.015468040 0.013050175 -0.003206349 0.014441544 -0.003212604
university	0.048132069 0.035401668 0.006207199 -0.028847231 -0.046897829 -0.103289314 -0.026879525 0.020206556 0.073094018 0.016553406
control	0.033951271 -0.050349277 0.043334663 -0.055187002 -0.001010752 -0.024841269 -0.022678202 -0.000632189 0.074979022 0.020314870
opinions	0.003577987 -0.005695372 0.061790634 -0.060487542 0.036565188 -0.097880475 -0.071257591 0.033158600 0.046506789 0.001659905
dept	0.050781254 0.034839198 0.012995893 -0.014308847 0.041395277 -0.054934349 -0.035660092 0.040439207 0.057759166 0.000738341
wrote	-0.041274827 0.018771665 -0.022499414 0.010102503 0.030272018 -0.051526777 -0.012453206 -0.020311931 0.055666402 -0.050644919
places	-0.045990955 -0.035576764 -0.021259390 -0.014548232 -0.019966096 -0.033662494 -0.058403131 -0.023278322 0.043377757 -0.038798273
current	-0.016905218 0.038829651 0.018486103 -0.053681135 0.039588943 -0.083314367 -0.041521076 0.027228285 0.017774219 -0.054306131
point	0.022271894 0.001193303 -0.012803535 -0.038534623 -0.029009169 -0.073036805 -0.070187561 0.017794263 0.143885747 -0.002887391
file	-0.023506992 0.029042806 -0.016664989 -0.024704481 0.039226383 -0.060654096 -0.019807490 0.034246951 0.070208393 0.036459662
found	-0.023712514 -0.019425476 0.027269084 -0.051982448 0.017911393 -0.002395323 0.005940833 0.025750263 0.096449532 0.027321167
drive	0.016975766 -0.028249003 0.037333153 -0.050967049 0.033976018 -0.024098663 0.007439791 -0.018225182 0.031368624 -0.047937796
thought	-0.040426619 -0.033503160 0.005390833 0.020401847 0.001224062 -0.072219022 -0.079961911 0.046730503 0.096042566 -0.042237680
talking	-0.005660696 -0.015674919 -0.032427248 0.016471636 0.027740879 -0.029299110 0.012517349 -0.028296649 0.039021309 -0.023761140
dos	-0.007176933 0.021142548 -0.002985506 0.015740972 0.028719373 -0.069475345 -0.051604342 -0.012255208 0.008215418 -0.020093907
version	0.041797683 0.037187826 0.032222897 -0.050176539 -0.048423480 -0.063370511 0.000789711 -0.020692769 0.138277277 -0.035403796
admit	0.014583636 -0.020477517 -0.006780815 0.018022679 -0.009163314 -0.043319721 -0.023169184 0.020924050 -0.001359944 -0.001504467
assuming	-0.020096941 0.007638980 -0.026359200 0.033040527 0.024163993 0.031490333 -0.019193035 -0.022556122 0.035622716 -0.018124390
correct	0.028904414 0.037187718 0.049558036 -0.003769057 -0.026437338 0.035536885 -0.048695464 0.000996305 0.029040745 -0.035327189
god	0.052641578 0.008240315 0.031990759 0.006817339 0.015294421 -0.037902735 -0.036053382 -0.040473249 0.040049139 0.016049646
good	-0.025583729 -0.048535272 0.042095669 -0.073548414 0.001048260 -0.066993788 -0.055563971 0.012407215 0.062802739 -0.005456945
mr	-0.009698195 0.023468282 0.030965798 0.023743499 0.011702857 -0.071815461 -0.062838443 0.046967030 0.042903218 0.027899479
bill	-0.039609764 0.003498116 0.047698028 -0.000892249 -0.025238825 -0.092227921 -0.069250807 -0.015400488 0.060627460 -0.025762483
ac	-0.036984295 0.014537364 -0.031730123 -0.063048713 -0.056109283 -0.085951723 -0.034588166 -0.001506265 0.056066368 -0.058704115
mike	-0.020373812 0.020592971 -0.005119825 0.030041397 0.021892268 -0.052218564 -0.074008778 -0.021563936 0.036097776 -0.019733647
david	-0.036568273 -0.038023625 0.012993158 0.017242920 -0.044111777 -0.021039940 -0.033462387 0.002630884 0.121860549 -0.023454672
remember	0.024220213 0.019514777 0.040050540 -0.054535903 0.000149268 -0.076383129 -0.027864575 0.045022950 0.075236961 0.000934669
fact	0.008656739 0.042499453 0.016807521 -0.018765017 -0.014817014 -0.063824825 -0.048191063 0.010553704 0.107937336 -0.020332379
make	0.011985235 0.011401602 0.031183835 -0.007865431 0.020102512 -0.041922428 -0.074852154 0.047761533 0.132041976 -0.066666372
bike	0.047595195 0.027984342 0.046475705 -0.061517861 0.008162986 -0.013637494 -0.035071302 0.055519491 0.118631683 0.018625388
side	-0.046375267 -0.018704999 0.054920450 -0.065154076 0.039315425 0.011999167 -0.013935511 0.037075751 0.030741222 -0.039777316
wanted	-0.030254189 -0.049764324 -0.030136410 -0.049317013 0.019639833 -0.071736164 -0.073320560 0.014299587 0.026928011 -0.032033995
true	0.017055271 0.035250872 0.012050403 0.002511616 -0.031661011 -0.039047565 -0.081394233 0.005905672 0.062518023 -0.036555987
set	-0.030185711 -0.029874397 0.040991914 -0.035339672 -0.037566982 -0.064801484 -0.031435337 0.023606475 0.015503783 -0.033960875
hold	-0.024451731 -0.036051359 0.048777364 0.009601150 0.024300866 -0.038687672 -0.063597701 0.013463586 0.053064156 -0.010848524
gas	0.027559526 0.032148603 0.045897063 0.028976800 0.027736243 -0.015965387 0.028029896 0.011053397 -0.010613637 -0.021051433
road	0.028117500 -0.035598367 -0.035232574 -0.024117922 0.023491735 -0.009162624 0.001101368 0.026672082 0.034593258 -0.038461369
possibly	0.001546209 -0.050867680 -0.023861343 -0.030208809 0.025196690 -0.033689652 0.032084320 0.053027324 0.017722543 -0.023334207
years	-0.013606573 0.043846171 -0.014458150 0.008041212 0.033018265 -0.096410692 -0.054412547 0.001207701 0.125104100 0.002691786
call	-0.001250554 0.045058697 0.052326132 -0.005651947 0.042271998 -0.013489584 -0.043438040 0.047325201 0.107829049 0.003875236
white	0.046129189 -0.000158607 -0.021096930 -0.027560905 -0.010506454 -0.057093635 -0.036169372 0.055695284 0.106299266 -0.037415754
dod	0.035866357 -0.047662910 0.002016799 0.006177163 -0.015380732 -0.059510522 -0.027242012 -0.002764219 0.026374195 -0.010552769
computer	-0.045559317 0.003625681 0.052097037 0.006076719 0.032915656 -0.068611465 -0.092057616 0.020900229 0.119524010 -0.029750710
science	-0.023906600 0.030217426 0.054659262 -0.007037081 0.019021373 -0.014703952 -0.025204197 -0.017587088 -0.004534959 -0.047949161
distribution	0.015144420 -0.001857875 0.039987590 -0.002552323 -0.031375162 -0.024968665 -0.063274913 0.054623138 0.119069859 -0.058988038
keywords	0.030900849 -0.048908420 0.060653210 0.006740520 -0.001225088 -0.107153207 -0.092970252 0.015014788 0.067858912 -0.043958031
cc	0.018229533 -0.053501982 0.060497709 -0.039303631 -0.021728488 -0.039661933 -0.081087761 0.021233132 0.087142691 0.011574483
au	-0.027333429 -0.046135575 0.052487586 -0.052915622 0.040918890 -0.063946851 -0.061279818 -0.043746386 0.058469869 -0.058656897
ray	0.030144533 -0.039503332 -0.027089041 -0.036592077 -0.036856644 -0.057738002 -0.069811516 0.049396086 0.002894271 0.001035193
image	-0.010362056 -0.051262230 0.003704563 -0.022471683 0.002287003 -0.032205217 -0.028392985 0.016887860 0.064367726 -0.012452027
wondering	-0.010800676 0.006205890 0.018296851 -0.037270885 -0.007048043 -0.070475221 -0.047692828 -0.034562659 0.013682309 -0.039213654
made	0.004351327 0.010878064 0.001790708 -0.017774623 -0.054134727 -0.094906919 -0.068880230 0.036202963 0.093577772 0.007310170
write	0.013201156 0.014598928 -0.031036656 -0.058478504 0.031410024 -0.006801413 0.013542709 0.046000302 0.035924431 -0.012907939
type	-0.014459154 -0.016022289 -0.032692205 -0.050198115 -0.049043193 -0.014475825 0.017518399 -0.037437409 0.058441039 -0.050479632
result	-0.012004600 0.007159556 0.033712436 0.004186848 -0.012339978 -0.050872538 -0.041136011 0.051728949 0.051101744 0.011431695
big	0.049025156 0.003086025 -0.008362384 -0.055324793 -0.022436729 -0.010451752 -0.049918029 -0.037973426 0.106936723 -0.014970108
parts	0.007815924 0.004330650 0.010749217 0.016018203 0.022200158 -0.000306889 -0.066767380 -0.035237316 0.050695114 -0.047675643
open	0.000286572 -0.016691325 -0.029775245 -0.033955108 -0.047646198 -0.049236491 -0.067319587 -0.016422637 0.044378750 0.035723705
close	0.014360436 -0.031137399 0.011887419 0.011573200 0.006735390 -0.013814371 -0.026282815 -0.034096986 0.014704818 -0.003173031
center	0.021328846 0.003231336 0.014696232 0.023900511 -0.052032750 -0.020133248 -0.038693082 0.016153723 0.110140346 0.041728161
final	0.032693785 -0.051074512 -0.042359792 0.038073834 0.007313787 -0.064349294 -0.037419047 0.052274786 0.052963048 0.013068793
times	0.001146911 -0.000460002 0.054815602 -0.074317150 0.008075974 -0.074323192 -0.037076466 0.051537085 0.032793012 -0.044226673
gun	0.034424681 0.026525119 -0.014783955 -0.018506782 0.012964197 -0.032077000 -0.069097579 0.021217879 0.053649914 -0.007658009
hell	0.041271389 -0.033377483 0.042307373 -0.028285939 0.000735634 -0.018012917 0.034492221 0.050222833 0.065974087 0.038145341
tv	-0.016404245 0.028125187 0.052240655 0.004848538 0.012284316 0.015026232 -0.052519795 -0.032448757 0.046657410 -0.046523046
year	-0.013774249 -0.054063350 -0.011080891 -0.070107669 -0.037815742 -0.117635243 -0.095065646 -0.033404063 0.076009393 0.005132976
population	0.031297415 -0.000378659 0.055193391 0.019213442 -0.025247645 -0.064255171 -0.057599988 -0.021806082 0.089005366 -0.040484738
related	0.027946183 0.020267513 0.023851410 0.006119204 0.032992359 -0.051658835 -0.060370654 -0.030189417 0.014331099 -0.004589376
death	-0.034473900 0.019502647 -0.027712228 -0.055570263 -0.044736616 0.018970370 -0.033154018 -0.023392996 0.010350477 -0.051225878
means	0.016891705 0.005726254 -0.017421309 0.001330135 -0.001217861 -0.055861883 -0.048856024 0.041822903 0.112031788 0.023647424
great	0.008536471 -0.029521720 0.042030342 -0.045446314 0.039077312 -0.022313021 -0.054645926 0.034656439 0.082594283 -0.002112922
children	-0.043424044 -0.010486492 0.019962270 -0.054890312 -0.049061861 -0.015347674 -0.081865780 0.028075153 0.021476401 -0.039774273
real	-0.001016518 -0.054074753 0.046529271 -0.058168791 0.012339535 -0.044410408 -0.006107763 0.009457410 0.116289511 -0.055117797
law	0.036915388 -0.015727635 -0.026890678 -0.053640738 0.037915792 -0.072552636 0.008042253 -0.021468274 0.106374085 -0.004198008
nasa	0.039738920 -0.009834928 0.042801313 -0.026578438 -0.039100736 -0.018141752 -0.077932447 -0.036374256 0.083553627 0.025965711
gov	0.022355974 -0.019997921 0.050728932 -0.020643575 -0.060966700 -0.038126532 -0.037157893 -0.045243993 0.090309493 0.004500951
laboratory	0.033110972 0.000178763 0.032262597 -0.038558349 -0.022330575 -0.064049184 -0.008030104 -0.000335827 0.019436181 -0.053487819
software	0.001189239 0.008054636 0.049913026 0.000526991 0.015827065 -0.088213161 -0.067463793 -0.031040533 0.069055341 0.004843099
james	0.008835636 0.024490880 0.003580442 -0.036986656 0.012499304 -0.053660583 -0.019195242 -0.008559559 0.023596335 0.029126640
told	0.033565186 0.048275687 0.043369155 0.007541167 -0.015624649 -0.037237853 -0.024664758 -0.031492196 0.014286690 -0.010243791
low	0.043978002 0.003945990 0.005489834 -0.012745549 -0.037094090 -0.031887203 -0.050203327 0.028316736 0.063553505 0.030416964
power	0.008650246 0.023695692 0.070631631 -0.021213306 0.013099588 -0.084942549 -0.016226990 0.022829920 0.069366097 -0.017636558
technical	0.031587396 -0.003057238 0.035232875 0.030619999 0.033626437 -0.033138037 -0.031862956 -0.027123490 0.072044142 -0.014942785
lab	-0.014908657 0.012596972 0.007328597 -0.058877908 0.025751568 -0.025268525 0.012169695 0.041458692 0.061352208 -0.003596199
ca	-0.032282241 0.033321716 0.016479237 -0.026737308 0.002818858 -0.063563779 -0.046868999 -0.020777855 0.102348998 0.023247899
part	0.010398306 -0.014175994 0.042757060 -0.043292638 -0.054049287 -0.014697783 -0.055484299 0.021544445 0.088009007 -0.034359679
ii	-0.028955081 -0.029417187 -0.005526189 -0.027943745 -0.045304537 -0.075168997 -0.053059265 -0.011117627 0.054265514 -0.009538935
peter	0.007301087 -0.048069611 -0.042754564 0.016763831 -0.046622112 0.034586750 0.002498943 -0.018938119 0.008649210 0.041424703
love	-0.026204819 -0.016619530 0.061919086 -0.030354280 -0.043858647 -0.082291760 -0.021163573 -0.019567076 0.041261502 -0.041858185
bible	0.037599642 0.005800235 -0.023107920 -0.021335393 0.032881066 -0.053111363 -0.069035016 0.000002463 0.113622159 -0.011861987
issue	-0.007643355 0.029079134 -0.005083255 -0.000065321 -0.030986341 0.039383780 -0.014054722 -0.026940096 0.055397540 -0.011934087
case	-0.002305018 -0.049799114 -0.026720559 -0.060986370 -0.032932404 -0.045845855 -0.086307690 0.012726081 0.086917572 0.033764377
view	-0.010432788 0.005905251 0.025148356 -0.016602015 -0.042622276 -0.009792494 -0.068889908 0.053419903 0.101989843 -0.052404955
based	-0.041492451 -0.036417339 -0.002904013 0.003943161 -0.021626523 -0.088239089 -0.034875840 0.053827908 0.074256040 -0.036464613
state	0.020661386 -0.007343299 0.008482789 0.027039528 -0.047431584 -0.059965231 0.016019236 -0.041669924 0.012477829 0.017430553
gave	0.016062727 -0.051381979 0.031793211 -0.015109309 -0.009415383 -0.058991894 -0.010545772 -0.023830287 -0.004984078 0.027779682
problems	-0.015797174 0.017667463 0.036817510 -0.072316170 -0.028534003 -0.047974125 0.001851350 0.052663617 0.062570542 -0.034772974
major	-0.001436531 -0.016179871 -0.001409524 -0.058587264 0.028876359 0.006918400 -0.042583432 0.011381134 0.014857497 -0.047541693
questions	0.039732471 0.026608359 0.028281091 -0.030759059 -0.035156365 0.038282510 -0.035047039 0.031969465 -0.035413176 -0.031683035
group	0.021110758 -0.023420790 0.068079956 -0.061004013 -0.036020640 -0.075259961 -0.009503126 -0.042101882 0.106654055 0.031512614
today	-0.035516113 -0.029297892 0.046340663 -0.036936738 0.019224193 -0.092060313 -0.007993703 0.019579379 0.043384410 -0.030005800
usa	0.000267632 -0.032713335 0.052520186 -0.004826934 -0.050829459 -0.074794218 0.004780571 -0.031689342 0.049020190 -0.023063488
ms	-0.039935172 0.015368272 0.042334061 -0.022882171 0.011201221 -0.075555369 -0.063564062 -0.014007290 0.092327595 0.041886885
ma	-0.000225700 -0.009578650 0.070130840 -0.007051691 0.014853216 -0.086747035 -0.084534459 -0.020411203 0.032386590 -0.020581754
hp	0.032643251 -0.025154533 0.050679956 -0.070928730 0.014117849 -0.071235798 -0.004206182 0.043392066 0.074338898 -0.059179209
end	0.045601320 -0.035222434 0.014343822 -0.039064612 -0.040822756 -0.029617161 -0.025365388 0.053045146 0.088693872 -0.050506275
columbia	0.002960543 -0.023076555 0.037674446 -0.016541393 0.029101321 -0.016020022 -0.034577440 -0.008968777 0.047228511 0.037509564
change	0.047022618 -0.013804036 0.055319853 -0.046916358 -0.038155865 -0.005809496 -0.067817196 0.013787342 0.073628880 -0.025022358
government	0.031256195 -0.029446034 -0.020590561 -0.000120685 -0.053432066 -0.062095810 -0.014688441 0.034006894 0.101312242 -0.031786028
religion	0.026983840 -0.017314879 0.035715532 -0.057538625 -0.039529536 -0.122987121 -0.036795266 0.038068272 0.128837764 0.007182629
national	0.009241368 -0.007891844 0.060230553 0.025522355 -0.019276544 -0.069996208 -0.042236745 0.012716939 0.048824038 -0.040445365
short	0.045509487 0.034555800 -0.008056352 -0.055321503 0.031496745 -0.053506639 -0.029131697 -0.043652531 0.056376919 0.038622729
continue	0.019957470 -0.009204105 -0.026237132 0.015604514 0.043741811 -0.054776423 -0.040359408 -0.004071008 0.040031198 0.003628544
history	-0.023996633 0.012936615 0.002587886 -0.039453018 -0.025043009 -0.064727381 -0.038860451 -0.022106633 0.010634982 0.027567692
rights	-0.048350949 0.041215029 -0.021550572 -0.018273447 -0.031239517 -0.071312815 0.004837780 -0.025156125 0.033062451 0.031143505
source	0.006013222 -0.017349150 -0.028265288 -0.046746116 0.041751105 -0.053073075 -0.063206136 0.011471319 0.019357309 -0.010296897
written	-0.038861793 -0.041578587 -0.004703582 -0.012872036 0.026481904 -0.001930046 -0.045391690 -0.044040576 0.044778496 0.005093038
happened	-0.046461873 0.041116171 -0.001755273 -0.050655454 0.029497657 -0.004532955 0.001615158 0.039782804 0.067328595 -0.018319083
started	-0.028618373 0.038894068 0.005327943 -0.009551526 -0.000833683 0.037696060 0.031409979 -0.016310208 0.048206076 -0.049765341
front	-0.005050600 0.042395066 0.004675881 0.015043190 -0.049055919 -0.074231826 -0.071554586 -0.010683471 0.057227757 0.026280636
late	0.016366849 0.030484090 0.054253187 0.025948675 -0.043996945 -0.066980653 -0.067940347 -0.032576937 0.016930414 -0.050269105
night	-0.022237530 -0.021467252 0.053505827 -0.052020933 -0.042244557 -0.045763336 -0.015023606 0.014952713 0.090011910 0.024522839
city	0.016761582 0.044999443 -0.028745119 0.017563654 -0.008657553 -0.025625329 -0.048287522 0.007989980 0.053372297 0.000357794
person	0.025847768 -0.010502865 -0.003945308 0.033663701 -0.042683538 0.017224979 -0.012429192 -0.006693698 -0.024945769 0.020399380
work	0.019521983 0.006013176 0.043660901 -0.012553964 0.004578305 -0.074809931 -0.094361141 -0.033163924 0.086688474 0.021907764
longer	-0.042735331 0.031544171 -0.002931954 0.006042623 0.001743912 -0.022681631 -0.015212652 0.007341789 0.071201824 -0.008669781
exists	-0.015887229 -0.037363768 -0.034065269 -0.041688628 0.022294652 -0.090776712 0.016700819 0.011388754 0.067775071 0.038953420
single	-0.026919516 0.041125607 -0.019625332 -0.066258974 0.010427551 -0.006531146 -0.054465331 0.039834019 0.019625027 -0.045952544
info	-0.033780996 -0.008131956 -0.017143460 0.032596610 -0.046645932 -0.080653071 -0.027105290 -0.038241334 0.046576351 0.007578555
toronto	0.012621694 -0.052823223 0.056460787 0.005282197 -0.025396027 -0.025189172 -0.001686262 0.035453524 0.105693541 0.016675128
thinking	-0.031648573 -0.044476382 0.018661812 0.013843365 0.031466428 -0.057951730 -0.071205705 0.043957639 0.018878201 0.030908603
network	0.008652177 0.016496247 0.053532157 -0.038223553 -0.038582649 -0.057472397 -0.035698533 0.032084372 0.009560452 -0.025916334
windows	-0.017107721 -0.019074665 0.064810932 -0.071148127 -0.045795027 -0.056916609 -0.025558194 -0.021714671 0.024759579 0.011767810
graphics	0.025451694 0.031773213 0.011291445 0.009593307 0.015525675 -0.094844334 -0.062523171 -0.040494505 0.052672032 0.016908178
easy	0.004217619 -0.019866485 -0.018495280 -0.066071697 -0.019585133 -0.005954341 -0.008772329 -0.004109790 0.052182373 0.018845960
simple	-0.014594551 0.044635650 0.037586655 0.031663332 -0.050388020 -0.051518220 -0.054184567 -0.036137238 0.084191397 -0.008970003
required	0.005068197 0.035197809 0.043612394 -0.018157616 0.035397273 -0.041598417 -0.033164341 0.015836393 0.062096935 0.008361452
word	-0.048010428 0.023744076 0.025832407 0.030458843 0.019786593 -0.012979902 0.005910393 -0.001355024 0.038594317 -0.018042227
mit	0.002511229 -0.009556504 -0.031862866 -0.047447365 -0.003125885 -0.060548007 -0.037582770 -0.028262986 0.071573153 -0.006930726
win	-0.014846405 -0.008997370 -0.008171644 -0.019839486 0.010574069 -0.066748343 -0.046122041 0.055214994 0.044155784 -0.058848113
home	-0.020075675 0.029494476 -0.024224835 -0.037667029 -0.032417975 0.005050349 -0.003303425 -0.033432852 0.078142062 0.023829119
institute	-0.027381971 0.011086262 0.036532596 -0.039835494 -0.001140769 -0.072062410 0.018138332 0.031115577 0.038012896 -0.039858811
technology	-0.033270281 -0.025391381 0.042187635 -0.063689299 -0.049376894 -0.042766832 -0.066468582 -0.023560775 0.138116717 -0.050288871
org	-0.007563189 0.042795759 -0.001883938 0.025825894 0.027656157 -0.015266763 -0.006274099 0.025419123 0.065024383 0.027670143
yeah	-0.011751868 -0.006029501 0.041537121 -0.022266846 0.013186711 -0.000045077 -0.013204938 -0.019483006 0.066728018 0.005110995
sound	-0.009882492 -0.014599745 -0.024387784 0.020870160 -0.051654730 -0.013710656 0.021272371 -0.003897950 0.007639923 0.004849159
car	0.049193852 -0.006582324 -0.003207786 -0.051507059 0.001196497 -0.007806518 -0.086808033 -0.020461949 0.027409213 0.010193366
internet	0.022560718 0.001708303 0.020200720 0.013374479 -0.050907522 -0.093170889 -0.085935138 0.008285675 0.029001616 -0.021530287
greater	-0.027150460 0.027798483 -0.011946290 0.036564000 -0.046150561 0.039724089 0.004253251 -0.018966593 0.021594506 0.012569236
street	-0.024298385 -0.020758532 0.027457198 0.006905113 0.023303535 -0.020505061 0.026982917 0.049342975 -0.011014807 0.022184025
box	-0.030400584 -0.040412474 -0.013663099 0.023282528 0.013780460 -0.031512234 -0.002495636 -0.013629413 0.024359014 -0.000036524
put	-0.001804069 0.025807930 0.048619471 -0.054324027 -0.039875090 -0.032070056 -0.007075050 -0.030559568 0.028218998 -0.026655171
address	-0.031161038 0.022022167 -0.037312947 -0.058309406 -0.049590092 -0.041268371 -0.003768572 -0.026320033 0.075235881 -0.020113455
find	-0.013614384 0.035912625 -0.017437903 -0.079314418 0.013958123 -0.083170287 -0.005702494 -0.035712533 0.114405371 -0.046247803
include	-0.031323705 -0.038428165 -0.017922033 -0.020643802 0.001681197 -0.013251223 -0.057285160 0.010615387 0.031641681 -0.054336317
radio	0.033978269 0.008448569 0.028558191 -0.028598743 -0.008866233 0.031620461 -0.047870900 -0.030583439 0.032302007 -0.039312337
reason	-0.011382443 -0.038399324 -0.005476047 0.016930131 -0.044753507 -0.014630034 -0.085143492 -0.033360995 0.042925794 0.032404605
sort	0.038833305 0.032768946 -0.016327310 -0.063270763 -0.036873326 -0.069466919 -0.075097330 0.036680799 0.046417441 0.022704501
dangerous	-0.001914940 0.002898919 0.040690944 -0.051879890 -0.021500688 -0.074602261 -0.002185296 0.038707905 0.027193146 -0.032595538
sale	0.039492253 0.004786527 0.005407791 0.022056818 -0.048298951 -0.013810065 0.034171414 0.021064481 0.026864544 0.025420941
corporation	0.007773449 -0.034934729 0.040684752 0.020044968 -0.004049035 -0.001503945 -0.021445204 -0.002366603 0.006235171 0.016193585
stuff	-0.035387754 -0.028106527 0.045546286 0.019421145 0.036190227 -0.005931979 -0.014272555 0.018176667 0.016948791 0.034867093
contact	0.017535958 0.033649236 0.018603906 -0.001743742 0.041358571 0.002092125 0.009098257 0.040685836 0.016401822 0.043949500
mail	0.011709583 0.034025025 0.026012732 -0.069304526 0.037238006 -0.013297521 -0.008665973 -0.027450297 0.106491186 -0.029105963
engineering	-0.035386320 0.010757347 -0.038872708 -0.038834095 -0.017948728 0.001986260 -0.013950853 -0.031156724 0.078809053 -0.005522987
nice	-0.011946030 -0.006049010 0.011952106 -0.056310583 0.020708736 -0.008065823 -0.037608404 -0.041467182 0.032601256 -0.032741401
day	-0.003018935 0.002333414 0.067761928 -0.045935445 0.023199905 -0.098934866 -0.030791715 0.040517434 0.080015562 0.024960982
thing	0.023422856 -0.017820679 -0.013942904 -0.056536108 -0.017194934 -0.078974970 -0.039055172 0.045770790 0.098571107 0.007984486
taking	0.040072277 -0.006952952 0.007695989 -0.040519118 0.021421943 -0.016598998 0.010369248 -0.045285355 0.035757352 0.022010280
friend	0.010415868 0.037144262 0.031347722 -0.019546617 0.034268599 -0.054289222 -0.042343266 0.038539615 0.066673122 -0.006900250
stop	-0.002046972 -0.049407315 -0.014725419 -0.034302879 0.024907326 -0.041900411 0.006899073 0.011238405 0.024301872 0.022436814
strong	0.013480145 -0.036301918 0.003651549 -0.010760590 -0.016920807 -0.045852806 -0.017845629 -0.047979191 -0.014205013 -0.012294252
phone	0.022142565 -0.013526447 -0.026741326 -0.056682482 -0.023061393 -0.034950264 -0.050670683 0.053841542 0.108362406 -0.041280217
company	-0.014997026 0.008074669 0.000529477 -0.030866662 0.046894610 -0.003892865 0.034965869 -0.045186624 0.004133429 -0.010873118
book	0.036044188 -0.033694260 0.017872307 -0.056594945 0.035023212 -0.062736183 -0.030963935 0.008207998 0.048811100 -0.003897526
ago	0.047020141 0.021351147 0.014931609 0.007677738 -0.037238769 -0.087613650 -0.046965446 -0.036341239 0.085330471 0.029461818
voice	-0.023283266 -0.023865229 -0.011319586 0.015696591 -0.046704583 -0.041329581 0.028832672 0.044730537 0.028717300 0.035931360
washington	-0.003910621 0.040597029 -0.001395873 -0.016284946 -0.015716128 -0.025786076 -0.076936170 0.034794468 0.026040707 0.003489603
mentioned	0.049841348 -0.037577704 0.046928268 0.006318620 0.034777351 -0.042679746 -0.038678467 -0.030936198 0.063526228 -0.041505761
interested	-0.024784449 0.018681493 0.035793614 -0.014669314 -0.002020328 -0.077155396 -0.027285198 -0.023824712 0.078549005 0.042656917
hear	-0.012131189 -0.027402606 -0.020688280 0.013015063 0.033420257 -0.043793708 0.009602710 -0.025315648 0.077246681 -0.057049774
research	-0.016255960 0.001863640 0.016121726 0.002205985 -0.020030867 -0.080424719 -0.050443921 -0.025344642 0.110947266 -0.003838010
mine	0.033242140 0.011499760 -0.014449525 -0.069262221 0.030127954 -0.077375352 -0.058581758 0.017871872 0.088508129 -0.037547223
division	0.049591791 0.038220711 -0.014154359 -0.040443800 0.033350736 -0.066979237 -0.012759323 -0.044320382 -0.001868048 -0.002953573
response	0.019060196 -0.034810573 -0.018836983 -0.025928780 -0.018474871 -0.004107945 -0.041763697 -0.001428381 0.067648418 0.006853453
note	-0.026485927 -0.022788750 0.012460879 0.006321754 -0.004278437 -0.014393183 0.011411089 -0.044573180 0.035102129 0.013275749
sci	0.014805331 -0.041602679 -0.009546472 -0.031677149 -0.018755896 -0.054878961 -0.075193219 0.008116752 0.106319651 0.039125875
bad	0.005684054 -0.041373521 0.028222427 -0.070890069 -0.019164311 -0.046883568 -0.004501559 0.007901122 0.059777878 0.019771285
folks	0.007648685 -0.001508974 0.017076237 -0.015333412 -0.046186212 -0.014381444 -0.075527184 0.014975408 0.035450004 0.020566441
start	-0.036484387 -0.045043387 0.022409119 0.032273065 -0.015454987 -0.066808484 -0.032819953 0.052257229 0.057409681 -0.037429802
left	-0.023239452 0.042860832 -0.030218033 -0.053066917 0.026840609 -0.071370631 0.005242607 0.011084231 0.110656984 -0.010533737
life	-0.016103752 -0.011837652 -0.006468012 0.015778271 -0.016886119 -0.024391724 0.011302322 -0.040779963 0.052215092 0.024866965
decided	-0.000742598 0.031860791 0.021446057 0.005576919 -0.011018079 -0.034452219 -0.023790916 -0.016458476 -0.002429297 0.023869857
check	0.008268130 -0.013169756 -0.029389769 -0.018992282 -0.025472965 -0.034643210 0.023972139 -0.017703516 0.041162647 -0.036631029
hard	-0.038321402 0.047787346 0.006904602 -0.006753354 0.013717659 -0.056888800 -0.079955295 0.011512319 0.094609268 0.037245091
similar	0.014741021 -0.003991862 -0.035728119 -0.056592356 0.030249579 -0.012498645 0.027039265 -0.023116881 0.001097815 -0.031341992
college	0.010046940 -0.024726156 0.005974213 -0.015969941 0.026827475 0.018535180 0.012506164 0.016079932 -0.013179808 -0.023246983
looked	-0.047878753 -0.045479249 -0.026921416 0.009967661 -0.046019845 -0.072302110 0.015262835 -0.006379556 0.080348156 0.040827267
early	-0.012435421 -0.028888993 0.032381654 -0.006206607 -0.021056291 -0.032549538 -0.017041199 -0.038586758 0.030502031 0.021911619
called	-0.046984788 0.043741751 0.050269265 -0.058871809 -0.029344793 -0.076554090 -0.045094769 0.021099051 0.085824184 -0.031909086
small	0.036695220 0.034061629 0.001450415 -0.059628505 0.019643141 -0.100137040 -0.077545792 0.043838445 0.075717866 0.038680214
rest	-0.013708006 -0.029845757 0.041231595 0.012165559 -0.028740523 -0.013245513 -0.036220919 -0.042812545 -0.011107367 0.038003463
il	-0.013358716 -0.042620722 -0.029955989 -0.031184295 -0.052400686 -0.062855743 0.035303116 0.033203349 0.075004049 -0.034818638
dr	-0.014403954 0.032673106 -0.022667542 -0.037487637 -0.039756186 -0.043822430 0.007060519 -0.002037527 0.025560642 -0.004981706
western	-0.027920591 0.026017435 0.002770736 0.007731670 0.002719271 -0.042981595 0.005810451 0.004602965 -0.012318207 -0.016521517
ohio	-0.048488695 -0.016691316 0.050716758 0.009334033 0.038596701 -0.037497725 -0.010334191 0.043027479 -0.012737969 -0.001777183
care	-0.037875041 -0.040036619 -0.021714456 -0.008042032 0.029959418 0.001498418 0.031801466 0.036083620 0.000995079 0.006210836
number	-0.043829173 -0.046483278 0.055411752 -0.018635364 -0.021173945 -0.038838655 -0.065567352 -0.033677641 0.128989413 -0.028817788
situation	-0.032331690 0.001464811 0.048772782 0.026374608 0.011725982 0.023934919 -0.055319939 0.003688368 0.032504383 0.035897370
line	0.036910187 -0.042470749 0.030535417 -0.028825453 -0.058045123 -0.058545377 -0.053966481 -0.044864248 0.032540366 0.032527138
read	-0.023616321 0.018891867 -0.003288127 -0.025036469 -0.018148927 -0.043324221 -0.051312838 0.046190646 0.072094172 -0.007387780
clear	-0.029779049 -0.023064725 0.050670046 0.040411077 -0.048411846 -0.060443487 0.003820374 -0.004443340 0.033379242 0.023300640
fax	-0.008211324 0.031021371 -0.025388785 -0.054876648 -0.016344095 -0.066148266 0.018129647 0.020369293 0.052703038 -0.006813872
light	-0.007371948 0.014492656 -0.004734852 0.015224246 -0.045781083 -0.037891727 -0.000039042 -0.016857993 0.024089752 0.001909990
asked	0.046382237 0.017726513 -0.002480731 -0.051877245 -0.016476940 -0.021230554 0.032808434 -0.015607715 0.068823181 -0.030945344
cost	-0.024817815 -0.036537685 0.054409675 -0.064070426 0.008996860 -0.003859960 -0.042191848 -0.033642061 0.117545731 -0.001452129
department	-0.021697531 -0.030817993 0.020475902 -0.046714935 -0.011026382 -0.050720420 -0.032589048 -0.019200880 0.089070410 -0.020087710
add	-0.009642499 -0.021257035 -0.014864314 0.017488167 -0.040206555 -0.009882595 -0.062307674 0.015552760 0.078097679 -0.021986855
pretty	-0.001897362 0.026447801 0.046114106 0.023130581 0.032432742 -0.024233393 -0.056260902 0.046576731 0.017371053 0.007507159
experience	0.008745041 0.017248122 0.017573975 -0.057030313 0.034373410 -0.059553850 0.007349520 -0.032966435 -0.014422897 0.035138078
study	0.021641945 0.032065738 -0.023988042 -0.022614587 -0.009018051 -0.058875293 -0.049838055 0.022452004 0.012052419 -0.002960916
caused	-0.045079421 -0.036334958 0.032785185 -0.002002937 -0.012475771 0.005877114 -0.009222155 -0.026194759 0.036121242 0.040785640
common	-0.017180778 0.018780921 0.045396388 -0.066829704 0.010282634 0.008555969 -0.011367647 -0.004358605 0.102884106 -0.017062398
bbs	0.017785914 -0.022436947 0.030888814 -0.041513007 0.031049771 0.030973611 -0.043519262 0.039285459 -0.016449306 -0.051503308
quote	0.006726377 0.041192956 0.054564767 -0.030292856 -0.001374654 -0.074309483 -0.045880362 -0.030303026 0.054783110 -0.026159799
apr	-0.009103785 -0.009324330 -0.002731749 -0.035549700 0.013615214 -0.049791370 -0.036143512 -0.027033515 0.090464711 0.035296574
deal	0.009183999 -0.035123862 -0.034005664 0.010514746 0.039399333 -0.046644624 -0.014299394 0.027679501 0.022266857 -0.032349724
live	0.028804477 -0.041564427 0.031183906 -0.048423775 0.047359593 -0.037391759 -0.037594024 -0.028415293 -0.032613292 0.042433582
order	-0.027665356 -0.027653236 0.063456737 0.024746751 -0.015326971 -0.050916955 -0.082057238 -0.036621686 0.090984173 -0.014912648
summary	0.032819275 -0.025881255 0.017202910 -0.039468549 -0.046858605 -0.017035021 0.022377027 -0.007676335 0.053300206 0.027120568
design	0.020633381 0.044357788 -0.020095019 -0.034668919 -0.037635200 -0.023318050 -0.068441398 -0.020655349 0.045288127 -0.016420530
space	-0.012121344 0.007071684 -0.019092418 -0.048153009 -0.040863357 -0.017100349 0.005309907 -0.034713987 0.073950648 0.000133385
dan	-0.010772196 0.005753785 0.022734415 0.001185497 -0.034228999 -0.023544129 -0.006576180 -0.034610532 0.004839087 0.028723603
members	0.033586230 0.045479856 -0.017169038 -0.046700139 -0.025211921 -0.052554902 -0.035227053 0.026337065 0.069882058 -0.021675160
reading	0.049709510 -0.008005369 0.010727855 -0.062240176 -0.000142151 -0.036498498 -0.052958131 0.044238050 0.075371772 -0.026282990
receive	0.009028275 -0.036816593 0.039841086 0.040128022 -0.042388525 0.002635765 0.039261371 -0.000057973 0.054200001 0.019904220
performance	0.000213409 0.020041654 0.048701782 0.025277462 0.038974859 -0.089256197 -0.058780890 0.013714938 0.111589089 -0.008939238
guess	-0.036018889 -0.005651724 0.032305799 0.012116966 0.040424224 -0.083345346 -0.033889722 0.034588542 0.057060272 -0.018901944
mark	0.006050775 -0.033427786 0.024247739 0.002662624 0.038034935 -0.096427664 -0.066336505 -0.044629365 0.085539624 -0.036656611
project	0.042979356 -0.006393777 -0.024843894 0.020575153 0.001067960 -0.081404515 0.018281192 0.025534017 -0.001609445 -0.033272110
chip	0.005879316 0.000219089 0.005580327 -0.019078951 -0.035313305 -0.058834512 -0.013935065 -0.000501325 0.083163716 -0.039206017
standard	-0.045874476 -0.039221358 0.044311978 -0.020828404 -0.052669637 -0.008732263 -0.017184816 0.042883813 0.049405139 0.024603356
things	-0.036954392 -0.046581641 -0.013543347 -0.014144911 0.008920262 -0.020392269 -0.084754363 0.019483510 0.083895743 -0.055620786
release	0.028114358 -0.016760012 0.040419929 -0.017256049 0.004008235 -0.046958551 0.010173527 -0.040457916 0.034395829 -0.018971935
claim	-0.006765491 -0.013848427 0.001020862 -0.017942756 0.033591311 -0.082690053 -0.034229953 -0.017666880 0.010200421 0.002581478
program	0.040026348 0.046740271 0.033581417 -0.019581538 -0.011832227 -0.075987406 -0.054093860 0.000339798 0.085799672 -0.005348895
house	0.010410827 0.021808047 0.052384943 -0.069838330 -0.035112467 -0.073090769 -0.049732827 0.039145760 0.018269163 0.032637917
key	-0.022918256 -0.035281494 0.055375811 -0.030278038 -0.005261771 -0.003670937 -0.062191408 -0.019147649 0.095229819 -0.022436323
making	-0.007377053 0.015387183 0.049022004 -0.035316072 0.001280636 -0.068064064 -0.032089002 0.044929996 0.080683045 0.003287232
head	0.034520559 -0.046750154 0.009670749 -0.009693233 0.004506684 0.037855677 -0.038064070 -0.032688256 -0.025674695 -0.035063762
tom	0.003346429 0.004346902 -0.021974720 -0.057517093 0.000769055 -0.050937470 -0.008975787 -0.015808003 0.005006866 -0.012181100
cmu	0.037506543 0.044175699 0.032204039 -0.048765700 -0.045639690 -0.089738995 -0.058408082 0.012914366 0.056207374 0.011360547
memory	-0.010799089 -0.001920660 0.048302867 -0.055923954 -0.053827461 -0.083050847 -0.087467007 -0.003983716 0.033539213 0.021663815
understanding	0.010945983 -0.008075451 -0.001532124 0.000926924 0.044249278 -0.044034299 0.022081181 0.048816260 0.030060718 -0.018706832
mac	-0.042780418 -0.007141985 0.008918296 -0.021671429 -0.022203935 0.015512224 0.017615052 -0.030180765 0.074815527 -0.034092892
answer	0.043480549 -0.031266499 0.042514119 -0.045432664 0.017587164 -0.038059015 -0.050750267 -0.012120973 0.016619010 0.001375005
team	0.010830678 0.044860188 -0.023365784 -0.010377018 -0.056984652 -0.028597528 0.016614633 0.032898813 0.043641675 -0.011346101
playing	-0.016471665 -0.011234437 0.036817778 -0.055420812 -0.034091275 -0.008587553 -0.020823929 -0.042027600 0.061862253 -0.003455505
paul	-0.005497007 -0.022570208 0.030130923 -0.025639225 -0.017864345 0.011691891 0.033511236 0.024764488 0.051017363 0.006689308
originator	0.014642388 0.038350213 0.021206344 -0.008407428 -0.051555093 -0.014767008 0.006625458 0.038634315 0.060171679 0.003394957
game	0.020704230 0.028304009 -0.034944553 -0.004237830 0.019466782 -0.032162044 -0.072262205 0.046552166 0.019793777 -0.056826614
california	0.013791643 -0.033576638 -0.042930096 0.004468413 0.032081213 -0.059945736 -0.042555541 0.019132724 0.066276968 -0.029875968
numbers	0.041155785 -0.015775179 -0.011738542 -0.044721361 -0.016877597 -0.012153949 -0.012751791 -0.020515557 0.022532750 -0.052250374
games	0.012478733 0.033164769 0.022233674 -0.017220257 0.018063942 -0.010762014 -0.021599600 -0.002205412 -0.008276422 0.036822647
appreciated	-0.039787862 0.045576554 0.020223746 0.018719999 0.008867259 -0.052635804 -0.052434083 -0.009919180 0.080130979 0.031617370
jews	-0.048908535 0.001420783 -0.000028576 -0.005956789 -0.040971704 -0.064877801 0.008358855 0.029625470 0.045053132 -0.022468230
worse	-0.041409981 0.003220043 0.007135310 -0.036782958 -0.004403319 -0.080236308 0.010397879 0.033475764 0.034488849 -0.005984140
lead	0.031884111 -0.033891350 0.020554859 0.004172656 -0.038641907 -0.034686726 -0.053686634 -0.013042581 0.025060795 -0.048807930
feel	-0.026070464 0.000260600 -0.027560586 -0.018816341 -0.047450226 -0.079814300 0.000431925 0.028806461 0.123453364 -0.005068077
east	0.023926865 0.003925182 0.058641717 0.018548379 -0.016838541 -0.034637522 -0.051373038 -0.026453737 0.095868319 -0.018662367
sun	0.021454712 0.008245299 0.050226577 -0.003648569 0.014482506 -0.039684180 -0.053524442 0.014415556 0.134958312 -0.022122843
supposed	0.000876002 -0.025095141 -0.003931546 0.035672870 -0.003297465 -0.019643715 0.027169241 -0.033010717 0.025579875 -0.036988072
matter	0.023791047 -0.016278600 0.045108598 -0.025780700 0.041887421 0.017251097 -0.005931906 0.040872160 0.058228701 -0.019862141
interest	0.005561155 -0.004173716 0.014341445 0.036462396 -0.017790169 0.004867123 -0.021149654 -0.031836711 0.038133811 -0.028507361
full	-0.044680726 -0.019859619 0.042614620 0.003805576 -0.028607214 -0.040370498 -0.043608688 -0.005149876 0.055280913 0.033840615
specific	-0.019960122 -0.016666146 -0.008571517 -0.053391546 -0.034312405 0.012832337 0.025872201 -0.028866185 0.029513547 -0.015689084
card	0.032281708 0.010066779 -0.002156454 -0.012628454 -0.050962970 -0.070473634 -0.032136187 -0.016417066 0.050638307 -0.039525434
message	0.018673532 0.009994384 -0.017872531 0.007484772 -0.027837452 -0.073932894 -0.050691258 0.001524024 0.073516555 0.001372954
newsreader	-0.009100835 -0.051042859 -0.021323986 -0.066855736 -0.001002749 -0.045754600 -0.066144370 -0.044893272 0.009971528 -0.059073213
send	-0.001956732 0.038056996 -0.011032504 0.001827277 -0.038014907 -0.052644696 -0.017616706 0.033684425 0.063957706 0.030842194
advance	0.041553363 -0.030002493 0.013602779 -0.019524828 -0.049635015 -0.057011768 0.002348250 -0.043975413 0.053163577 0.041910946
support	0.021751584 0.045161869 -0.018085288 -0.016066613 0.037067048 -0.036669448 0.012252030 -0.037645180 0.063351691 -0.025761191
coming	-0.000480283 0.034950458 0.008227315 0.032061026 0.000307284 -0.043684900 -0.023432409 0.009656182 0.073222935 0.019714268
ibm	-0.032226477 0.008076055 0.035206441 -0.045360655 0.002578850 -0.059446212 -0.011879937 0.022185303 -0.001257109 -0.034652442
show	-0.043405943 0.028701907 0.009970577 0.008272788 0.045317084 -0.037047826 -0.005433659 0.046971295 0.050796915 0.015793672
sell	0.007104924 -0.010045486 0.021525269 0.025725266 0.034404345 -0.059841752 -0.011106075 -0.032211166 0.056878559 -0.032469854
international	-0.048968796 0.016071256 0.037617724 -0.016673570 0.020910185 0.011141947 -0.035116624 -0.026644366 -0.016371166 -0.032925002
guy	-0.019952528 -0.024352111 0.026047265 -0.019547941 0.041074503 -0.024414208 -0.035904367 -0.000204518 0.099722698 -0.047236606
kind	-0.032757629 -0.027987085 0.026810994 -0.024554614 0.034166589 -0.077133104 -0.009878400 0.006335123 0.058337454 -0.048556659
idea	-0.033005700 0.030934250 -0.000093149 -0.044916872 0.022467695 -0.035097476 -0.037240703 -0.010626473 -0.006149980 -0.019889601
week	0.007853530 -0.047718797 0.049989074 -0.042061426 0.028784296 -0.078656338 0.011579370 0.003454404 0.020397725 -0.051707622
religious	0.023533991 -0.014382839 -0.024760460 -0.073603496 0.033492535 -0.007729847 -0.026337637 0.054463103 0.120400451 -0.033854727
lot	-0.017588431 0.034566756 0.004494991 -0.002344018 -0.024188383 -0.056812901 -0.070308566 0.005323608 0.150299251 0.028689733
money	-0.029462390 -0.008917375 0.007923760 -0.046948373 0.024888603 -0.081384040 -0.062229395 0.015841892 0.110631324 0.021765677
general	-0.009908330 0.038613457 -0.017351795 -0.018840050 0.041049965 -0.070673153 -0.042031687 0.003681864 0.036094289 -0.014111605
uiuc	0.032739174 0.047694691 -0.019251427 -0.018461151 -0.053294495 -0.075709194 -0.018454151 -0.007171859 0.072757922 0.024003288
machine	0.005815615 -0.037475832 0.034859616 0.007006889 0.040978760 -0.009809521 -0.071165644 0.003849295 0.074621946 0.007660198
understand	0.023158655 -0.015336089 -0.033082515 0.024039140 0.015724495 -0.070336767 0.007902582 -0.038183436 0.070748582 -0.037039071
worth	0.015112145 -0.007930716 0.011119996 0.034130957 0.003773112 -0.049681991 0.004123927 -0.045218859 -0.021393118 0.030529317
large	0.004975987 -0.046095792 0.059026849 -0.032295752 0.044307690 -0.004461139 0.004437356 -0.023610065 0.040523030 -0.049939122
rutgers	-0.030227978 0.027298337 -0.008251136 -0.037268072 0.017059397 0.000893487 -0.023307368 0.030972665 0.065337561 0.044913515
opinion	0.020932479 0.001525058 0.032732166 0.033270441 -0.031737659 -0.028975734 -0.047852907 -0.036635932 0.074872673 0.043710295
john	-0.009285148 -0.012193354 -0.024816053 -0.000956247 0.023306714 -0.063822448 -0.008771367 -0.032900654 0.092753552 0.016547630
give	0.034648664 0.017813548 -0.036246724 0.001860965 -0.051004808 -0.054003146 -0.040743779 -0.013754108 -0.008411080 -0.013012133
faster	0.012399813 -0.030845838 -0.012437682 0.016044820 -0.040259682 -0.058343504 -0.010561147 0.014013032 0.087338150 0.038850892
important	-0.027795473 0.025067342 0.003937786 -0.060700685 -0.002542792 -0.062859446 -0.047501668 0.016259052 0.061500434 -0.024016431
higher	-0.034077622 -0.047328826 -0.008492279 0.002856580 0.023865497 0.001896042 -0.062881634 0.023171518 0.068179712 -0.006020645
figure	-0.001884464 -0.015882464 -0.005814292 0.020906536 -0.010017859 -0.042726096 -0.024638504 -0.045244187 0.044914313 -0.013641194
pay	0.009103987 -0.024937933 0.049221084 -0.022922838 -0.025773684 -0.091464840 -0.017371086 -0.042780131 0.051436078 -0.022069154
microsoft	0.008154452 0.029685901 0.053110622 -0.000972966 0.047429074 -0.043665994 0.008335029 0.022958284 0.006082790 -0.052668236
couple	-0.004413612 -0.014803773 -0.018315397 -0.016884245 -0.006294676 -0.063898489 0.008300991 0.049419675 0.105415635 -0.034352306
tin	0.015173784 -0.047531631 0.054934502 0.018012619 -0.003584645 -0.002663236 -0.047911935 -0.003978955 0.077374458 0.005590621
references	0.013472452 0.029730638 0.028906606 -0.044397127 -0.028579649 -0.062738821 -0.011581193 0.006692583 0.109114714 0.004235793
recently	0.041326445 -0.027019303 -0.024469355 -0.027247991 0.006627875 -0.028304275 -0.036395069 0.051096153 0.050568238 0.025131833
including	-0.041174296 0.010025739 -0.030210342 -0.060621209 0.011424995 -0.011730107 -0.033813123 0.003644108 0.049982004 -0.032430481
due	0.039838046 -0.009957391 0.015491773 0.031847678 0.004717133 -0.069629520 -0.042572644 -0.017735535 0.067256764 0.042610735
agree	0.036174059 0.000678823 -0.025318190 -0.019927321 0.001690541 -0.007397626 -0.028683627 -0.002322118 0.046234373 -0.015584330
truth	-0.048798729 0.029891768 0.021682275 0.023598954 0.029804064 0.020463176 -0.037483599 0.032209501 0.013845970 0.005269977
results	0.013007057 -0.002258419 -0.037503816 -0.002102289 -0.035084311 -0.050949052 -0.036919821 -0.028022204 -0.008911905 -0.000872575
expressed	0.037365731 0.007661098 -0.000840989 0.032391451 0.006178770 -0.003243368 -0.051296499 0.004780821 0.034861956 -0.017234707
pc	0.041116185 -0.048179753 0.002955280 -0.060729936 -0.021264171 0.012490134 -0.069259934 -0.018145733 0.009017368 0.027259646
play	-0.010342363 0.007991477 -0.022557799 -0.061156701 0.022565369 -0.012948624 -0.069000922 0.049480576 0.025914613 -0.051686980
information	0.008464179 -0.004276938 -0.004017225 -0.001730803 -0.039561663 -0.017917244 0.015323969 -0.011835270 0.029758334 -0.033047888
bitnet	0.013933025 0.018809849 0.051628888 -0.057492971 0.027953146 -0.007444317 -0.035784513 0.048067912 0.002658738 -0.005530444
man	0.012047642 0.029666653 0.011440504 -0.053077150 0.007176209 -0.006848454 -0.009641404 -0.044439241 0.078011431 0.017293250
simply	-0.002201153 -0.018417962 -0.019567337 0.019462861 0.026036054 -0.008185948 0.014027570 0.015267223 0.028246105 -0.040658817
takes	0.009924282 -0.023470184 0.017011518 -0.018414581 -0.051422991 -0.040768150 -0.058630910 0.029124988 0.073326327 -0.045099720
views	-0.018793184 -0.040073913 0.003260421 0.016989954 0.000002827 -0.043888751 0.013383493 -0.018025313 0.022759702 -0.022174392
deleted	0.038514923 -0.026139684 0.022053223 -0.034752693 -0.054380521 -0.054167502 -0.067551076 -0.019238755 0.078540832 0.042354919
joe	-0.047179576 0.042955842 0.052367575 -0.029883042 0.012490536 -0.047794919 -0.030448070 -0.004543465 0.018409003 -0.004555904
top	0.041179895 -0.024166046 0.039887171 -0.044114772 0.032333478 -0.032103356 -0.064298771 0.037949994 0.007991569 -0.018793242
list	-0.016882436 0.043495525 -0.007996094 -0.059611075 0.015423008 -0.033612192 -0.017793477 -0.040530879 0.045971468 -0.025804255
considered	0.018849071 0.034407862 0.059919007 -0.021371407 -0.025304575 -0.037081335 -0.070891164 0.030535340 0.039531298 0.014128720
board	-0.020381508 0.041851610 -0.004162977 -0.052793499 0.026784973 -0.049681112 -0.047755584 0.016696818 0.025606446 0.007814182
complete	0.022257179 0.023762917 0.039604243 -0.021947546 -0.004368726 -0.018365325 -0.008086207 0.024099896 0.037641797 0.024272088
price	0.046066981 -0.027379870 0.047278397 0.015416498 -0.017560031 -0.066036925 -0.054942299 0.007811620 0.080672748 -0.030672345
service	0.035151497 0.038639694 -0.017374698 0.023449883 0.038642012 -0.008418221 -0.027086295 -0.024754852 0.031240668 0.037594073
level	-0.007839480 -0.038778357 -0.013177478 -0.028145449 -0.042373702 0.022759166 -0.043024130 0.028961534 0.028986394 -0.011991395
texas	-0.032316621 -0.031444352 0.042791240 0.031303499 0.004944089 0.017697711 0.032663383 -0.028023390 0.022576421 -0.008096120
difference	-0.029956480 -0.000973574 0.019283930 -0.027312931 0.017903198 -0.034968767 -0.046017908 0.007316391 0.016772304 0.036395546
interesting	-0.047674898 0.036967166 -0.000257670 -0.004603365 -0.007321004 -0.010022867 -0.037589021 0.041833829 -0.031735197 -0.005781350
christian	0.028136186 0.035326436 0.054187477 -0.034665678 0.015515501 -0.034067344 -0.042393982 -0.017635258 0.064912193 -0.018061673
class	-0.025933951 0.035937574 -0.020497577 -0.037693806 -0.043458521 0.016378876 -0.038050022 -0.001638791 0.018477930 -0.041316271
makes	0.035534635 0.044586882 0.016131913 -0.044450320 0.034956012 -0.060795411 -0.043970596 0.002531914 0.075525045 -0.052219614
miles	-0.012636418 -0.044221863 -0.040304516 0.025664644 -0.052137323 -0.010633117 -0.059800774 -0.002854870 0.015169522 0.004034194
display	0.008967572 -0.050965954 0.034301929 0.021953018 -0.015820971 -0.025327690 -0.013155307 -0.000929073 0.050843932 -0.003073507
doubt	-0.007942544 0.037004530 0.018629424 -0.020180006 0.040590215 0.005138392 -0.008581572 0.005658800 -0.016726604 0.025161829
hope	-0.039340869 0.032191988 0.003026370 -0.062706098 0.032322776 -0.011294573 0.013441281 0.020992517 0.044249147 -0.011610533
local	0.027090287 0.001956770 -0.012839451 -0.005109399 -0.012151069 -0.028528543 -0.066541761 0.032877062 0.148142993 -0.011499749
ram	-0.032485768 0.021390466 0.042574544 -0.048484281 0.037372578 0.007899361 0.004854791 -0.038788624 -0.039934471 -0.003608323
disk	-0.039114673 -0.010748528 0.050209016 -0.044549283 -0.025474006 -0.071311712 -0.000080802 0.001374446 0.078488208 0.012029157
application	-0.019790463 -0.039184727 0.031058868 -0.010505307 0.036755476 -0.069793694 -0.030649316 -0.042477697 0.064668670 -0.038844444
date	-0.003982084 -0.006902742 -0.004606211 -0.011398059 0.002568895 -0.030965863 -0.018545898 -0.007219030 0.002110539 0.018495899
words	-0.032520417 -0.010180861 -0.041935436 -0.050852697 -0.020574372 -0.037623357 -0.041075673 0.006451338 0.040567201 0.044902947
church	0.018580841 -0.010331072 -0.003448873 -0.034936666 -0.008477910 0.000421069 -0.022838457 0.043919154 0.006211922 -0.025621135
days	-0.012210520 0.024764150 -0.023931330 -0.037373800 -0.004317513 -0.063034914 -0.068508975 -0.038986184 0.036791176 -0.008257156
calls	-0.048782095 0.023769280 -0.017635921 -0.047905624 -0.018784204 -0.049551878 -0.000754606 0.021383923 0.024182694 0.004248370
school	-0.012107063 0.005680311 -0.009055715 -0.020395845 0.035626158 -0.040508345 -0.064018980 0.040037312 0.053524017 -0.019922838
events	-0.000149651 0.008401389 0.045502391 0.033113319 -0.029877396 0.022811279 -0.010589548 -0.031584896 -0.001666794 0.038624894
buy	0.028678844 -0.039413814 -0.033631962 -0.044625591 -0.018871306 0.016158883 -0.036874302 0.016767807 0.047222137 -0.046373170
argument	0.013958097 -0.030386006 0.011245141 0.040537030 0.037625987 -0.026982620 -0.011611473 -0.031454038 0.044294540 -0.010743399
total	0.024398981 -0.002201293 0.039760597 -0.013184806 -0.017890275 -0.012592298 -0.044777177 -0.041857220 -0.012979134 0.025717663
